id,Glass_ID,SiO2,B2O3,Al2O3,MgO,CaO,BaO,Li2O,Na2O,K2O,TiO2,ZnO,SrO,ZrO2,SnO2,P2O5,value
39536,359406,0.000,75.000,0.000,0.000,0.000,5.000,20.000,0.000,0.000,0.000,0.000,0.000,0.000,0.000,0.000,0.398
108669,900014,0.000,75.000,0.000,0.000,0.000,5.000,20.000,0.000,0.000,0.000,0.000,0.000,0.000,0.000,0.000,0.398
140785,888620,0.000,60.000,0.000,0.000,0.000,40.000,0.000,0.000,0.000,0.000,0.000,0.000,0.000,0.000,0.000,0.396
10647,456007,0.000,100.000,0.000,0.000,0.000,0.000,0.000,0.000,0.000,0.000,0.000,0.000,0.000,0.000,0.000,0.373016
196371,859685,45.790,0.000,0.000,0.000,26.710,0.000,0.000,24.160,0.000,0.000,0.000,0.000,0.000,0.000,3.340,0.367
103816,841304,76.150,8.760,0.000,0.000,0.000,0.000,0.000,14.760,0.000,0.000,0.000,0.000,0.000,0.000,0.000,0.355
6137,589489,0.000,78.947,0.000,0.000,0.000,0.000,21.053,0.000,0.000,0.000,0.000,0.000,0.000,0.000,0.000,0.353
79192,881220,0.000,80.000,0.000,0.000,0.000,0.000,20.000,0.000,0.000,0.000,0.000,0.000,0.000,0.000,0.000,0.352
186530,438473,56.000,16.000,12.000,0.000,0.000,0.000,0.000,16.000,0.000,0.000,0.000,0.000,0.000,0.000,0.000,0.350262
33789,557177,0.000,80.000,0.000,0.000,0.000,0.000,0.000,0.000,0.000,0.000,20.000,0.000,0.000,0.000,0.000,0.35
168243,546245,72.653,0.000,0.000,0.000,0.000,0.000,0.000,27.347,0.000,0.000,0.000,0.000,0.000,0.000,0.000,0.345679
75676,546247,62.143,0.000,0.000,0.000,0.000,0.000,0.000,37.857,0.000,0.000,0.000,0.000,0.000,0.000,0.000,0.344017
62006,1003110,0.000,55.000,4.000,0.000,0.000,0.000,10.000,0.000,0.000,0.000,31.000,0.000,0.000,0.000,0.000,0.343
71421,1003109,0.000,55.000,3.500,0.000,0.000,0.000,10.000,0.000,0.000,0.000,31.500,0.000,0.000,0.000,0.000,0.341
177963,1003108,0.000,55.000,3.000,0.000,0.000,0.000,10.000,0.000,0.000,0.000,32.000,0.000,0.000,0.000,0.000,0.34
46186,546246,67.347,0.000,0.000,0.000,0.000,0.000,0.000,32.653,0.000,0.000,0.000,0.000,0.000,0.000,0.000,0.338235
15840,881221,0.000,75.000,0.000,0.000,0.000,0.000,25.000,0.000,0.000,0.000,0.000,0.000,0.000,0.000,0.000,0.337
126032,271157,0.000,0.000,30.000,0.000,70.000,0.000,0.000,0.000,0.000,0.000,0.000,0.000,0.000,0.000,0.000,0.337
97563,841303,76.400,8.800,0.000,0.000,0.000,0.000,0.000,14.800,0.000,0.000,0.000,0.000,0.000,0.000,0.000,0.334
76657,239960,0.000,33.000,0.000,0.000,0.000,0.000,0.000,33.000,0.000,0.000,34.000,0.000,0.000,0.000,0.000,0.3308
4860,825614,0.000,0.000,0.000,0.000,0.000,0.000,0.000,0.000,50.000,0.000,0.000,0.000,0.000,0.000,50.000,0.33
6623,1003103,0.000,55.000,0.500,0.000,0.000,0.000,10.000,0.000,0.000,0.000,34.500,0.000,0.000,0.000,0.000,0.33
24232,365804,0.000,50.000,0.000,0.000,0.000,0.000,0.000,0.000,0.000,0.000,50.000,0.000,0.000,0.000,0.000,0.33
26379,825615,0.000,0.000,0.000,0.000,0.000,0.000,0.000,0.000,50.000,0.000,0.000,0.000,0.000,0.000,50.000,0.33
40862,244809,0.000,33.000,0.000,0.000,0.000,0.000,0.000,33.000,0.000,0.000,34.000,0.000,0.000,0.000,0.000,0.33
95016,143340,0.000,0.000,0.000,0.000,0.000,52.500,0.000,0.000,0.000,0.000,0.000,0.000,0.000,0.000,47.500,0.33
102774,143341,0.000,0.000,0.000,0.000,0.000,54.300,0.000,0.000,0.000,0.000,0.000,0.000,0.000,0.000,45.700,0.33
120037,437732,0.000,0.000,0.000,0.000,0.000,54.300,0.000,0.000,0.000,0.000,0.000,0.000,0.000,0.000,45.700,0.33
134747,894979,0.000,50.000,0.000,0.000,0.000,0.000,0.000,0.000,0.000,0.000,50.000,0.000,0.000,0.000,0.000,0.33
137054,437731,0.000,0.000,0.000,0.000,0.000,52.500,0.000,0.000,0.000,0.000,0.000,0.000,0.000,0.000,47.500,0.33
159319,1003107,0.000,55.000,2.500,0.000,0.000,0.000,10.000,0.000,0.000,0.000,32.500,0.000,0.000,0.000,0.000,0.33
197488,478266,15.000,56.100,0.000,0.000,0.000,0.000,0.000,0.000,28.900,0.000,0.000,0.000,0.000,0.000,0.000,0.329843
17913,239959,0.000,37.000,0.000,0.000,0.000,0.000,0.000,37.000,0.000,0.000,26.000,0.000,0.000,0.000,0.000,0.3297
2997,493925,0.000,40.000,0.000,0.000,0.000,0.000,0.000,0.000,0.000,0.000,60.000,0.000,0.000,0.000,0.000,0.329
24034,244808,0.000,36.500,0.000,0.000,0.000,0.000,0.000,36.500,0.000,0.000,27.000,0.000,0.000,0.000,0.000,0.329
94715,1003106,0.000,55.000,2.000,0.000,0.000,0.000,10.000,0.000,0.000,0.000,33.000,0.000,0.000,0.000,0.000,0.329
130167,1003104,0.000,55.000,1.000,0.000,0.000,0.000,10.000,0.000,0.000,0.000,34.000,0.000,0.000,0.000,0.000,0.328
12927,1003105,0.000,55.000,1.500,0.000,0.000,0.000,10.000,0.000,0.000,0.000,33.500,0.000,0.000,0.000,0.000,0.327
24350,439238,0.000,0.000,0.000,9.910,0.000,0.000,0.000,0.000,49.990,0.000,0.000,0.000,0.000,0.000,40.100,0.327
30059,135679,0.000,0.000,0.000,9.910,0.000,0.000,0.000,0.000,49.990,0.000,0.000,0.000,0.000,0.000,40.100,0.327
47889,779159,0.000,80.800,0.000,0.000,0.000,0.000,0.000,19.200,0.000,0.000,0.000,0.000,0.000,0.000,0.000,0.323529
119207,930392,0.000,45.000,0.000,0.000,0.000,0.000,0.000,0.000,0.000,0.000,55.000,0.000,0.000,0.000,0.000,0.323
167194,1007525,0.000,0.000,0.000,0.000,29.167,0.000,0.000,20.833,0.000,0.000,0.000,0.000,0.000,0.000,50.000,0.322857
89029,255053,20.000,0.000,26.700,0.000,53.300,0.000,0.000,0.000,0.000,0.000,0.000,0.000,0.000,0.000,0.000,0.322
129691,589252,20.000,0.000,26.700,0.000,53.300,0.000,0.000,0.000,0.000,0.000,0.000,0.000,0.000,0.000,0.000,0.322
68597,156652,0.000,0.000,0.000,0.000,0.000,0.000,0.000,44.206,0.000,0.000,14.429,0.000,0.000,0.000,41.366,0.322
94076,459565,0.000,0.000,0.000,0.000,0.000,0.000,0.000,44.210,0.000,0.000,14.430,0.000,0.000,0.000,41.360,0.322
161428,255058,5.000,0.000,31.700,0.000,63.300,0.000,0.000,0.000,0.000,0.000,0.000,0.000,0.000,0.000,0.000,0.321
14018,589257,5.000,0.000,31.700,0.000,63.300,0.000,0.000,0.000,0.000,0.000,0.000,0.000,0.000,0.000,0.000,0.321
70190,156653,0.000,0.000,0.000,0.000,0.000,0.000,0.000,38.170,0.000,0.000,21.200,0.000,0.000,0.000,40.630,0.321
140264,459566,0.000,0.000,0.000,0.000,0.000,0.000,0.000,38.170,0.000,0.000,21.200,0.000,0.000,0.000,40.630,0.321
178770,456009,0.000,96.000,0.000,0.000,0.000,0.000,4.000,0.000,0.000,0.000,0.000,0.000,0.000,0.000,0.000,0.320225
16170,138444,0.000,0.000,0.000,0.000,0.000,50.000,0.000,0.000,0.000,0.000,0.000,0.000,0.000,0.000,50.000,0.32
45771,350014,0.000,63.158,0.000,0.000,0.000,0.000,0.000,21.053,0.000,0.000,15.789,0.000,0.000,0.000,0.000,0.32
90408,143339,0.000,0.000,0.000,0.000,0.000,47.600,0.000,0.000,0.000,0.000,0.000,0.000,0.000,0.000,52.400,0.32
103116,308384,0.000,0.000,8.000,0.000,0.000,0.000,0.000,46.000,0.000,0.000,0.000,0.000,0.000,0.000,46.000,0.32
107019,866085,0.000,0.000,8.000,0.000,0.000,0.000,0.000,46.000,0.000,0.000,0.000,0.000,0.000,0.000,46.000,0.32
115823,589496,0.000,78.947,0.000,0.000,0.000,0.000,21.053,0.000,0.000,0.000,0.000,0.000,0.000,0.000,0.000,0.32
155566,437729,0.000,0.000,0.000,0.000,0.000,44.200,0.000,0.000,0.000,0.000,0.000,0.000,0.000,0.000,55.800,0.32
168548,837589,0.000,63.158,0.000,0.000,0.000,0.000,0.000,21.053,0.000,0.000,15.789,0.000,0.000,0.000,0.000,0.32
181354,143338,0.000,0.000,0.000,0.000,0.000,44.200,0.000,0.000,0.000,0.000,0.000,0.000,0.000,0.000,55.800,0.32
189545,437730,0.000,0.000,0.000,0.000,0.000,47.600,0.000,0.000,0.000,0.000,0.000,0.000,0.000,0.000,52.400,0.32
184205,1007524,0.000,0.000,0.000,0.000,29.897,0.000,0.000,20.619,0.000,0.000,0.000,0.000,0.000,0.000,49.485,0.31984
154821,930860,58.420,27.710,3.850,0.000,0.000,0.000,0.000,0.000,0.000,0.000,0.000,0.000,0.000,0.070,9.950,0.319
65241,1007523,0.000,0.000,0.000,0.000,30.612,0.000,0.000,20.408,0.000,0.000,0.000,0.000,0.000,0.000,48.980,0.318464
100767,888331,0.000,75.000,0.000,0.000,0.000,0.000,5.000,20.000,0.000,0.000,0.000,0.000,0.000,0.000,0.000,0.318
151819,1010632,0.000,64.930,0.000,15.030,0.000,0.000,0.000,0.000,0.000,0.000,20.040,0.000,0.000,0.000,0.000,0.318
115195,239958,0.000,42.000,0.000,0.000,0.000,0.000,0.000,42.000,0.000,0.000,16.000,0.000,0.000,0.000,0.000,0.3167
98713,496541,0.000,48.241,2.915,0.000,0.000,0.000,0.000,0.000,31.658,0.000,0.000,0.000,0.000,0.000,17.186,0.316406
155575,439212,0.000,0.000,10.070,0.000,0.000,0.000,0.000,0.000,49.900,0.000,0.000,0.000,0.000,0.000,40.030,0.316
57806,244807,0.000,42.000,0.000,0.000,0.000,0.000,0.000,42.000,0.000,0.000,16.000,0.000,0.000,0.000,0.000,0.316
78711,496548,0.000,0.000,2.124,0.000,0.000,0.000,0.000,0.000,32.895,0.000,0.000,0.000,0.000,0.000,64.981,0.315217
23339,835413,0.000,36.000,0.000,0.000,0.000,0.000,64.000,0.000,0.000,0.000,0.000,0.000,0.000,0.000,0.000,0.314815
159123,835402,0.000,75.000,0.000,0.000,0.000,0.000,25.000,0.000,0.000,0.000,0.000,0.000,0.000,0.000,0.000,0.314815
105675,4806,46.650,0.000,0.000,0.000,0.000,0.000,0.000,0.000,0.000,53.350,0.000,0.000,0.000,0.000,0.000,0.314
151980,71337,46.650,0.000,0.000,0.000,0.000,0.000,0.000,0.000,0.000,53.350,0.000,0.000,0.000,0.000,0.000,0.314
1818,779158,0.000,82.500,0.000,0.000,0.000,0.000,0.000,17.500,0.000,0.000,0.000,0.000,0.000,0.000,0.000,0.3125
67514,452764,48.925,0.000,4.882,0.171,32.771,0.000,0.000,2.170,1.427,0.000,9.654,0.000,0.000,0.000,0.000,0.312
37353,4808,53.000,0.000,0.000,0.000,0.000,0.000,0.000,0.000,0.000,47.000,0.000,0.000,0.000,0.000,0.000,0.312
48412,71339,53.000,0.000,0.000,0.000,0.000,0.000,0.000,0.000,0.000,47.000,0.000,0.000,0.000,0.000,0.000,0.312
66728,1010634,0.000,64.930,0.000,15.030,0.000,0.000,0.000,0.000,0.000,0.000,20.040,0.000,0.000,0.000,0.000,0.312
193507,1007521,0.000,0.000,0.000,0.000,32.000,0.000,0.000,20.000,0.000,0.000,0.000,0.000,0.000,0.000,48.000,0.311516
196574,1010630,0.000,65.000,0.000,15.000,0.000,0.000,0.000,0.000,0.000,0.000,20.000,0.000,0.000,0.000,0.000,0.311
32272,478267,30.000,46.700,0.000,0.000,0.000,0.000,0.000,0.000,23.300,0.000,0.000,0.000,0.000,0.000,0.000,0.310185
8511,143337,0.000,0.000,0.000,0.000,0.000,42.600,0.000,0.000,0.000,0.000,0.000,0.000,0.000,0.000,57.400,0.31
17493,6506,18.000,23.000,0.000,0.000,0.000,0.000,0.000,0.000,0.000,0.000,59.000,0.000,0.000,0.000,0.000,0.31
30742,541341,76.000,0.000,0.000,0.000,0.000,0.000,0.000,24.000,0.000,0.000,0.000,0.000,0.000,0.000,0.000,0.31
48332,25287,18.000,23.000,0.000,0.000,0.000,0.000,0.000,0.000,0.000,0.000,59.000,0.000,0.000,0.000,0.000,0.31
120034,437728,0.000,0.000,0.000,0.000,0.000,42.600,0.000,0.000,0.000,0.000,0.000,0.000,0.000,0.000,57.400,0.31
125789,138443,0.000,0.000,0.000,0.000,0.000,0.000,0.000,0.000,0.000,0.000,0.000,50.000,0.000,0.000,50.000,0.31
154065,437744,0.000,0.000,0.000,0.000,0.000,54.700,0.000,0.000,0.000,0.000,0.000,0.000,0.000,0.000,45.300,0.31
156660,143332,0.000,0.000,0.000,0.000,0.000,54.700,0.000,0.000,0.000,0.000,0.000,0.000,0.000,0.000,45.300,0.31
169501,407938,18.000,23.000,0.000,0.000,0.000,0.000,0.000,0.000,0.000,0.000,59.000,0.000,0.000,0.000,0.000,0.31
134041,452763,58.739,0.000,5.863,0.221,23.924,0.000,0.000,2.605,1.710,0.000,6.939,0.000,0.000,0.000,0.000,0.31
49136,456214,0.000,0.000,0.000,0.000,0.000,50.000,0.000,0.000,0.000,0.000,0.000,0.000,0.000,0.000,50.000,0.309
144776,456010,0.000,94.000,0.000,0.000,0.000,0.000,6.000,0.000,0.000,0.000,0.000,0.000,0.000,0.000,0.000,0.308824
35487,793490,0.000,40.930,20.960,0.000,38.110,0.000,0.000,0.000,0.000,0.000,0.000,0.000,0.000,0.000,0.000,0.308
37311,1010633,0.000,64.800,0.000,15.000,0.000,0.000,0.000,0.000,0.000,0.000,20.000,0.000,0.000,0.000,0.000,0.308
73006,1007522,0.000,0.000,0.000,0.000,31.313,0.000,0.000,20.202,0.000,0.000,0.000,0.000,0.000,0.000,48.485,0.307032
72979,930859,60.330,25.860,3.830,0.000,0.000,0.000,0.000,0.000,0.000,0.000,0.000,0.000,0.000,0.070,9.910,0.307
74513,881513,0.000,50.000,0.000,0.000,0.000,0.000,40.000,10.000,0.000,0.000,0.000,0.000,0.000,0.000,0.000,0.307
45245,28032,0.000,100.000,0.000,0.000,0.000,0.000,0.000,0.000,0.000,0.000,0.000,0.000,0.000,0.000,0.000,0.306
78017,138459,0.000,0.000,0.000,0.000,0.000,50.000,0.000,0.000,0.000,0.000,0.000,0.000,0.000,0.000,50.000,0.306
86301,470133,0.000,100.000,0.000,0.000,0.000,0.000,0.000,0.000,0.000,0.000,0.000,0.000,0.000,0.000,0.000,0.306
111094,498720,0.000,0.000,0.000,0.000,0.000,50.000,0.000,0.000,0.000,0.000,0.000,0.000,0.000,0.000,50.000,0.306
118534,470142,0.000,85.800,0.000,0.000,0.000,14.200,0.000,0.000,0.000,0.000,0.000,0.000,0.000,0.000,0.000,0.306
152571,419192,0.000,100.000,0.000,0.000,0.000,0.000,0.000,0.000,0.000,0.000,0.000,0.000,0.000,0.000,0.000,0.306
97066,493241,0.000,68.200,9.100,0.000,0.000,0.000,22.700,0.000,0.000,0.000,0.000,0.000,0.000,0.000,0.000,0.306
98590,456011,0.000,92.000,0.000,0.000,0.000,0.000,8.000,0.000,0.000,0.000,0.000,0.000,0.000,0.000,0.000,0.305085
10532,407926,0.000,40.000,0.000,0.000,0.000,0.000,0.000,0.000,0.000,0.000,60.000,0.000,0.000,0.000,0.000,0.305
57412,25286,0.000,40.000,0.000,0.000,0.000,0.000,0.000,0.000,0.000,0.000,60.000,0.000,0.000,0.000,0.000,0.305
127865,439237,0.000,0.000,0.000,9.820,0.000,0.000,10.190,0.000,39.960,0.000,0.000,0.000,0.000,0.000,40.030,0.305
83555,825206,0.000,62.000,0.000,0.000,0.000,0.000,0.000,20.000,0.000,0.000,18.000,0.000,0.000,0.000,0.000,0.304
170053,825207,0.000,60.000,0.000,0.000,0.000,0.000,0.000,20.000,0.000,0.000,20.000,0.000,0.000,0.000,0.000,0.304
193523,1010631,0.000,64.800,0.000,15.000,0.000,0.000,0.000,0.000,0.000,0.000,20.000,0.000,0.000,0.000,0.000,0.304
169697,496540,0.000,60.302,2.414,0.000,0.000,0.000,0.000,0.000,29.245,0.000,0.000,0.000,0.000,0.000,8.038,0.303704
52668,833575,0.000,55.000,0.000,0.000,0.000,0.000,0.000,45.000,0.000,0.000,0.000,0.000,0.000,0.000,0.000,0.303
124287,176046,0.000,66.500,0.000,0.000,0.000,0.000,0.000,0.000,33.500,0.000,0.000,0.000,0.000,0.000,0.000,0.303
171215,456213,0.000,0.000,0.000,0.000,0.000,50.000,0.000,0.000,0.000,0.000,0.000,0.000,0.000,0.000,50.000,0.303
103442,496545,0.000,16.633,2.419,0.000,0.000,0.000,0.000,0.000,32.863,0.000,0.000,0.000,0.000,0.000,48.085,0.302419
12294,496789,0.000,0.000,0.000,0.000,0.000,50.000,0.000,0.000,0.000,0.000,0.000,0.000,0.000,0.000,50.000,0.302
22778,419245,0.000,66.500,0.000,0.000,0.000,0.000,0.000,0.000,33.500,0.000,0.000,0.000,0.000,0.000,0.000,0.302
76777,294784,0.000,70.000,0.000,0.000,0.000,0.000,30.000,0.000,0.000,0.000,0.000,0.000,0.000,0.000,0.000,0.302
193612,28067,0.000,66.500,0.000,0.000,0.000,0.000,0.000,0.000,33.500,0.000,0.000,0.000,0.000,0.000,0.000,0.302
52284,496546,0.000,9.039,1.112,0.000,0.000,0.000,0.000,0.000,34.216,0.000,0.000,0.000,0.000,0.000,55.632,0.30198
57135,865064,0.000,95.780,0.000,0.000,0.000,0.000,4.220,0.000,0.000,0.000,0.000,0.000,0.000,0.000,0.000,0.301446
171595,798003,0.000,66.700,0.000,0.000,0.000,0.000,0.000,33.300,0.000,0.000,0.000,0.000,0.000,0.000,0.000,0.301402
95529,444505,60.000,0.000,13.300,0.000,26.700,0.000,0.000,0.000,0.000,0.000,0.000,0.000,0.000,0.000,0.000,0.301136
195956,496547,0.000,6.735,1.531,0.000,0.000,0.000,0.000,0.000,27.551,0.000,0.000,0.000,0.000,0.000,64.184,0.30102
22386,176041,0.000,82.000,0.000,0.000,0.000,0.000,0.000,0.000,18.000,0.000,0.000,0.000,0.000,0.000,0.000,0.301
177417,496788,0.000,0.000,0.000,0.000,0.000,45.000,0.000,0.000,0.000,0.000,5.000,0.000,0.000,0.000,50.000,0.301
32135,493242,0.000,63.600,9.100,0.000,0.000,0.000,27.300,0.000,0.000,0.000,0.000,0.000,0.000,0.000,0.000,0.301
188235,546248,56.939,0.000,0.000,0.000,0.000,0.000,0.000,43.061,0.000,0.000,0.000,0.000,0.000,0.000,0.000,0.300847
35646,865070,0.000,83.730,0.000,0.000,0.000,0.000,16.270,0.000,0.000,0.000,0.000,0.000,0.000,0.000,0.000,0.300813
4093,239957,0.000,49.000,0.000,0.000,0.000,0.000,0.000,49.000,0.000,0.000,2.000,0.000,0.000,0.000,0.000,0.3006
35218,536018,0.000,34.070,26.850,36.580,0.000,0.000,0.000,0.000,0.000,0.000,0.000,0.000,2.500,0.000,0.000,0.3
44780,498817,0.000,0.000,0.000,0.000,0.000,0.000,0.000,50.300,0.000,0.000,0.000,0.000,0.000,0.000,49.700,0.3
891,143356,0.000,0.000,0.000,0.000,0.000,0.000,0.000,0.000,0.000,0.000,0.000,38.000,0.000,0.000,62.000,0.3
1532,549250,0.000,66.670,0.000,0.000,0.000,0.000,0.000,33.330,0.000,0.000,0.000,0.000,0.000,0.000,0.000,0.3
3502,860463,0.000,0.000,0.000,0.000,0.000,0.000,0.000,50.000,0.000,0.000,0.000,0.000,0.000,0.000,50.000,0.3
8013,860464,0.000,0.000,0.000,0.000,0.000,0.000,0.000,50.000,0.000,0.000,0.000,0.000,0.000,0.000,50.000,0.3
10090,143342,0.000,0.000,0.000,0.000,0.000,0.000,0.000,0.000,0.000,0.000,0.000,25.300,0.000,0.000,74.700,0.3
12729,849941,0.000,0.000,38.000,0.000,57.000,5.000,0.000,0.000,0.000,0.000,0.000,0.000,0.000,0.000,0.000,0.3
14123,806893,0.000,0.000,4.000,0.000,0.000,52.000,0.000,0.000,0.000,0.000,0.000,0.000,0.000,0.000,44.000,0.3
22132,25288,0.000,45.000,0.000,0.000,0.000,0.000,0.000,0.000,0.000,0.000,55.000,0.000,0.000,0.000,0.000,0.3
25170,25706,50.100,10.800,0.000,0.000,0.000,0.000,0.000,39.100,0.000,0.000,0.000,0.000,0.000,0.000,0.000,0.3
27461,470143,0.000,83.820,0.000,0.000,0.000,16.180,0.000,0.000,0.000,0.000,0.000,0.000,0.000,0.000,0.000,0.3
34096,860992,0.000,0.000,0.000,0.000,0.000,0.000,0.000,18.316,0.000,0.000,50.105,0.000,0.000,0.000,31.579,0.3
37581,138239,0.000,0.000,0.000,0.000,0.000,0.000,0.000,50.000,0.000,0.000,0.000,0.000,0.000,0.000,50.000,0.3
38126,437743,0.000,0.000,0.000,0.000,0.000,52.300,0.000,0.000,0.000,0.000,0.000,0.000,0.000,0.000,47.700,0.3
39227,146426,58.566,22.022,2.000,0.000,0.000,0.000,0.000,0.000,14.711,0.000,2.700,0.000,0.000,0.000,0.000,0.3
46978,137747,0.000,100.000,0.000,0.000,0.000,0.000,0.000,0.000,0.000,0.000,0.000,0.000,0.000,0.000,0.000,0.3
48360,28059,0.000,84.500,0.000,0.000,0.000,0.000,0.000,0.000,15.500,0.000,0.000,0.000,0.000,0.000,0.000,0.3
49837,28060,0.000,82.000,0.000,0.000,0.000,0.000,0.000,0.000,18.000,0.000,0.000,0.000,0.000,0.000,0.000,0.3
50157,219903,7.900,0.000,27.100,6.900,58.100,0.000,0.000,0.000,0.000,0.000,0.000,0.000,0.000,0.000,0.000,0.3
53620,419239,0.000,81.400,0.000,0.000,0.000,0.000,0.000,0.000,18.600,0.000,0.000,0.000,0.000,0.000,0.000,0.3
55536,779152,0.000,94.800,0.000,0.000,0.000,0.000,0.000,5.200,0.000,0.000,0.000,0.000,0.000,0.000,0.000,0.3
58097,419238,0.000,82.000,0.000,0.000,0.000,0.000,0.000,0.000,18.000,0.000,0.000,0.000,0.000,0.000,0.000,0.3
65543,143336,0.000,0.000,0.000,0.000,0.000,40.400,0.000,0.000,0.000,0.000,0.000,0.000,0.000,0.000,59.600,0.3
71781,143331,0.000,0.000,0.000,0.000,0.000,52.300,0.000,0.000,0.000,0.000,0.000,0.000,0.000,0.000,47.700,0.3
78514,444495,60.000,0.000,0.000,0.000,0.000,0.000,0.000,40.000,0.000,0.000,0.000,0.000,0.000,0.000,0.000,0.3
87724,419240,0.000,79.500,0.000,0.000,0.000,0.000,0.000,0.000,20.500,0.000,0.000,0.000,0.000,0.000,0.000,0.3
94263,701050,7.900,0.000,27.100,6.900,58.100,0.000,0.000,0.000,0.000,0.000,0.000,0.000,0.000,0.000,0.000,0.3
94971,135547,0.000,0.000,0.000,0.000,0.000,0.000,15.000,0.000,35.000,0.000,0.000,0.000,0.000,0.000,50.000,0.3
99084,835400,0.000,94.000,0.000,0.000,0.000,0.000,6.000,0.000,0.000,0.000,0.000,0.000,0.000,0.000,0.000,0.3
100037,407931,0.000,45.000,0.000,0.000,0.000,0.000,0.000,0.000,0.000,0.000,55.000,0.000,0.000,0.000,0.000,0.3
102944,244806,0.000,49.000,0.000,0.000,0.000,0.000,0.000,49.000,0.000,0.000,2.000,0.000,0.000,0.000,0.000,0.3
106421,437745,0.000,0.000,0.000,0.000,0.000,0.000,0.000,0.000,0.000,0.000,0.000,25.300,0.000,0.000,74.700,0.3
109551,477255,0.000,100.000,0.000,0.000,0.000,0.000,0.000,0.000,0.000,0.000,0.000,0.000,0.000,0.000,0.000,0.3
114054,452433,0.000,0.000,0.000,0.000,0.000,0.000,0.000,50.000,0.000,0.000,0.000,0.000,0.000,0.000,50.000,0.3
117141,474523,0.000,0.000,0.000,0.000,0.000,0.000,0.000,50.000,0.000,0.000,0.000,0.000,0.000,0.000,50.000,0.3
124872,441105,46.670,20.000,0.000,0.000,0.000,0.000,0.000,33.330,0.000,0.000,0.000,0.000,0.000,0.000,0.000,0.3
125132,474361,0.000,0.000,0.000,0.000,0.000,50.000,0.000,0.000,0.000,0.000,0.000,0.000,0.000,0.000,50.000,0.3
125243,860991,0.000,0.000,0.000,0.000,0.000,0.000,0.000,18.839,0.000,0.000,48.682,0.000,0.000,0.000,32.479,0.3
130962,419237,0.000,84.500,0.000,0.000,0.000,0.000,0.000,0.000,15.500,0.000,0.000,0.000,0.000,0.000,0.000,0.3
133338,28061,0.000,81.400,0.000,0.000,0.000,0.000,0.000,0.000,18.600,0.000,0.000,0.000,0.000,0.000,0.000,0.3
140589,763522,0.000,0.000,0.000,0.000,0.000,23.505,0.000,0.000,23.505,0.000,0.000,0.000,0.000,0.000,52.990,0.3
147240,28062,0.000,79.500,0.000,0.000,0.000,0.000,0.000,0.000,20.500,0.000,0.000,0.000,0.000,0.000,0.000,0.3
152608,437742,0.000,0.000,0.000,0.000,0.000,50.000,0.000,0.000,0.000,0.000,0.000,0.000,0.000,0.000,50.000,0.3
153880,306829,0.000,0.000,0.000,0.000,0.000,0.000,0.000,18.316,0.000,0.000,50.105,0.000,0.000,0.000,31.579,0.3
160147,439417,0.000,0.000,0.000,0.000,0.000,0.000,15.000,0.000,35.000,0.000,0.000,0.000,0.000,0.000,50.000,0.3
166644,441107,53.335,13.331,0.000,0.000,0.000,0.000,0.000,33.333,0.000,0.000,0.000,0.000,0.000,0.000,0.000,0.3
169594,452432,0.000,0.000,0.000,0.000,0.000,0.000,0.000,50.000,0.000,0.000,0.000,0.000,0.000,0.000,50.000,0.3
170608,143330,0.000,0.000,0.000,0.000,0.000,50.000,0.000,0.000,0.000,0.000,0.000,0.000,0.000,0.000,50.000,0.3
172545,306828,0.000,0.000,0.000,0.000,0.000,0.000,0.000,18.839,0.000,0.000,48.682,0.000,0.000,0.000,32.479,0.3
174260,437727,0.000,0.000,0.000,0.000,0.000,40.400,0.000,0.000,0.000,0.000,0.000,0.000,0.000,0.000,59.600,0.3
178423,258682,0.000,100.000,0.000,0.000,0.000,0.000,0.000,0.000,0.000,0.000,0.000,0.000,0.000,0.000,0.000,0.3
107091,887111,0.000,42.600,0.000,0.000,0.000,0.000,0.000,0.000,0.000,0.000,56.900,0.000,0.000,0.000,0.000,0.3
101702,439218,0.000,0.000,0.000,0.000,0.000,4.980,14.960,0.000,34.960,0.000,0.000,0.000,0.000,0.000,45.100,0.299
198013,881514,0.000,50.000,0.000,0.000,0.000,0.000,35.000,15.000,0.000,0.000,0.000,0.000,0.000,0.000,0.000,0.299
181903,493243,0.000,59.100,9.100,0.000,0.000,0.000,31.800,0.000,0.000,0.000,0.000,0.000,0.000,0.000,0.000,0.299
10743,496543,0.000,21.370,1.511,0.000,0.000,0.000,0.000,0.000,38.308,0.000,0.000,0.000,0.000,0.000,38.812,0.298658
44633,586897,60.000,0.000,0.000,10.000,0.000,0.000,0.000,30.000,0.000,0.000,0.000,0.000,0.000,0.000,0.000,0.298643
53664,439236,0.000,0.000,0.000,9.910,0.000,0.000,20.050,0.000,29.980,0.000,0.000,0.000,0.000,0.000,40.060,0.298
62930,470141,0.000,87.000,0.000,0.000,0.000,13.000,0.000,0.000,0.000,0.000,0.000,0.000,0.000,0.000,0.000,0.298
108152,551984,1.230,0.000,39.510,0.000,59.260,0.000,0.000,0.000,0.000,0.000,0.000,0.000,0.000,0.000,0.000,0.298
146407,444504,60.000,0.000,8.000,0.000,32.000,0.000,0.000,0.000,0.000,0.000,0.000,0.000,0.000,0.000,0.000,0.297486
61845,865072,0.000,79.850,0.000,0.000,0.000,0.000,20.150,0.000,0.000,0.000,0.000,0.000,0.000,0.000,0.000,0.297052
89498,496787,0.000,0.000,0.000,0.000,0.000,40.000,0.000,0.000,0.000,0.000,10.000,0.000,0.000,0.000,50.000,0.297
111432,820924,0.000,30.000,0.000,0.000,70.000,0.000,0.000,0.000,0.000,0.000,0.000,0.000,0.000,0.000,0.000,0.297
130686,255056,15.000,0.000,26.600,0.000,58.400,0.000,0.000,0.000,0.000,0.000,0.000,0.000,0.000,0.000,0.000,0.297
180558,589255,15.000,0.000,26.600,0.000,58.400,0.000,0.000,0.000,0.000,0.000,0.000,0.000,0.000,0.000,0.000,0.297
41744,828072,34.103,51.930,4.499,0.000,0.000,2.330,0.000,0.780,1.550,0.000,4.649,0.000,0.000,0.000,0.000,0.297
2949,456015,0.000,84.000,0.000,0.000,0.000,0.000,16.000,0.000,0.000,0.000,0.000,0.000,0.000,0.000,0.000,0.296791
97597,865073,0.000,77.860,0.000,0.000,0.000,0.000,22.140,0.000,0.000,0.000,0.000,0.000,0.000,0.000,0.000,0.296603
135578,444507,60.000,0.000,22.600,0.000,17.400,0.000,0.000,0.000,0.000,0.000,0.000,0.000,0.000,0.000,0.000,0.296296
69907,6507,10.000,35.000,0.000,0.000,0.000,0.000,0.000,0.000,0.000,0.000,55.000,0.000,0.000,0.000,0.000,0.296
69935,25289,10.000,35.000,0.000,0.000,0.000,0.000,0.000,0.000,0.000,0.000,55.000,0.000,0.000,0.000,0.000,0.296
107054,888327,0.000,65.000,0.000,0.000,0.000,0.000,5.000,30.000,0.000,0.000,0.000,0.000,0.000,0.000,0.000,0.296
107959,439231,0.000,0.000,0.000,4.870,0.000,0.000,15.210,0.000,34.870,0.000,0.000,0.000,0.000,0.000,45.050,0.296
136970,407932,10.000,34.500,0.000,0.000,0.000,0.000,0.000,0.000,0.000,0.000,55.500,0.000,0.000,0.000,0.000,0.296
156105,833574,0.000,57.000,0.000,0.000,0.000,0.000,0.000,43.000,0.000,0.000,0.000,0.000,0.000,0.000,0.000,0.296
110994,444506,60.000,0.000,20.000,0.000,20.000,0.000,0.000,0.000,0.000,0.000,0.000,0.000,0.000,0.000,0.000,0.295833
2882,419236,0.000,87.000,0.000,0.000,0.000,0.000,0.000,0.000,13.000,0.000,0.000,0.000,0.000,0.000,0.000,0.295
5213,28063,0.000,77.200,0.000,0.000,0.000,0.000,0.000,0.000,22.800,0.000,0.000,0.000,0.000,0.000,0.000,0.295
9002,419233,0.000,94.000,0.000,0.000,0.000,0.000,0.000,0.000,6.000,0.000,0.000,0.000,0.000,0.000,0.000,0.295
25891,452761,0.000,0.000,8.300,0.000,0.000,0.000,0.000,0.000,33.300,0.000,0.000,0.000,0.000,0.000,58.400,0.295
67460,419241,0.000,77.200,0.000,0.000,0.000,0.000,0.000,0.000,22.800,0.000,0.000,0.000,0.000,0.000,0.000,0.295
70662,439416,0.000,0.000,0.000,0.000,0.000,0.000,20.000,0.000,30.000,0.000,0.000,0.000,0.000,0.000,50.000,0.295
82511,79654,24.500,0.000,36.100,0.000,39.400,0.000,0.000,0.000,0.000,0.000,0.000,0.000,0.000,0.000,0.000,0.295
87368,176040,0.000,87.000,0.000,0.000,0.000,0.000,0.000,0.000,13.000,0.000,0.000,0.000,0.000,0.000,0.000,0.295
89059,271158,0.000,0.000,50.000,0.000,50.000,0.000,0.000,0.000,0.000,0.000,0.000,0.000,0.000,0.000,0.000,0.295
113928,404646,24.510,0.000,36.100,0.000,39.390,0.000,0.000,0.000,0.000,0.000,0.000,0.000,0.000,0.000,0.000,0.295
118729,545629,0.000,0.000,8.330,0.000,0.000,0.000,0.000,0.000,33.330,0.000,0.000,0.000,0.000,0.000,58.340,0.295
119531,135546,0.000,0.000,0.000,0.000,0.000,0.000,20.000,0.000,30.000,0.000,0.000,0.000,0.000,0.000,50.000,0.295
127049,1006671,0.000,0.000,0.000,0.000,0.000,0.000,0.000,20.000,0.000,0.000,40.000,0.000,0.000,0.000,40.000,0.295
127389,176042,0.000,77.200,0.000,0.000,0.000,0.000,0.000,0.000,22.800,0.000,0.000,0.000,0.000,0.000,0.000,0.295
128733,28058,0.000,87.000,0.000,0.000,0.000,0.000,0.000,0.000,13.000,0.000,0.000,0.000,0.000,0.000,0.000,0.295
149066,176344,67.000,0.000,0.000,0.000,0.000,0.000,0.000,0.000,33.000,0.000,0.000,0.000,0.000,0.000,0.000,0.295
175303,160348,0.000,0.000,8.330,0.000,0.000,0.000,0.000,0.000,33.330,0.000,0.000,0.000,0.000,0.000,58.340,0.295
182681,28055,0.000,94.000,0.000,0.000,0.000,0.000,0.000,0.000,6.000,0.000,0.000,0.000,0.000,0.000,0.000,0.295
184989,439217,0.000,0.000,0.000,0.000,0.000,4.960,20.150,0.000,29.940,0.000,0.000,0.000,0.000,0.000,44.950,0.295
189699,496785,0.000,0.000,0.000,0.000,0.000,30.000,0.000,0.000,0.000,0.000,20.000,0.000,0.000,0.000,50.000,0.295
192725,444510,60.000,20.000,0.000,0.000,0.000,0.000,0.000,20.000,0.000,0.000,0.000,0.000,0.000,0.000,0.000,0.294953
108539,865066,0.000,91.730,0.000,0.000,0.000,0.000,8.270,0.000,0.000,0.000,0.000,0.000,0.000,0.000,0.000,0.294416
84506,363567,24.910,16.130,3.670,0.000,0.000,0.000,0.000,0.000,0.000,0.000,55.180,0.000,0.000,0.000,0.000,0.2942
89956,866167,0.000,0.000,5.630,0.000,0.000,0.000,0.000,46.230,0.000,0.000,0.100,0.000,0.000,0.000,48.040,0.294118
134542,835401,0.000,86.000,0.000,0.000,0.000,0.000,14.000,0.000,0.000,0.000,0.000,0.000,0.000,0.000,0.000,0.294118
57934,305907,36.730,12.530,0.000,10.820,3.110,24.520,0.000,0.000,0.000,0.000,0.000,12.290,0.000,0.000,0.000,0.294
137793,897597,36.730,12.530,0.000,10.820,3.110,24.520,0.000,0.000,0.000,0.000,0.000,12.290,0.000,0.000,0.000,0.294
18222,439216,0.000,0.000,0.000,0.000,0.000,5.019,25.047,0.000,24.928,0.000,0.000,0.000,0.000,0.000,45.005,0.294
22829,439230,0.000,0.000,0.000,4.970,0.000,0.000,20.090,0.000,29.960,0.000,0.000,0.000,0.000,0.000,44.980,0.294
53944,589623,0.000,0.000,0.000,0.000,0.000,0.000,0.000,0.000,0.000,0.000,0.000,0.000,0.000,0.000,100.000,0.294
91641,1007497,45.000,0.000,0.000,0.000,55.000,0.000,0.000,0.000,0.000,0.000,0.000,0.000,0.000,0.000,0.000,0.294
121094,138342,0.000,0.000,0.000,0.000,0.000,0.000,0.000,0.000,0.000,0.000,0.000,0.000,0.000,0.000,100.000,0.294
144483,271156,0.000,0.000,38.000,0.000,62.000,0.000,0.000,0.000,0.000,0.000,0.000,0.000,0.000,0.000,0.000,0.294
30399,320114,36.730,12.530,0.000,10.820,3.110,24.520,0.000,0.000,0.000,0.000,0.000,12.290,0.000,0.000,0.000,0.294
157179,452765,39.249,0.000,3.915,0.141,41.488,0.000,0.000,1.737,1.144,0.000,12.327,0.000,0.000,0.000,0.000,0.294
77546,835411,0.000,41.000,0.000,0.000,0.000,0.000,59.000,0.000,0.000,0.000,0.000,0.000,0.000,0.000,0.000,0.293103
184025,866945,47.090,0.000,0.000,0.000,24.050,0.000,0.000,24.850,0.000,0.000,0.000,0.000,0.000,0.000,4.010,0.293103
42022,1002863,50.100,0.000,0.000,35.700,14.200,0.000,0.000,0.000,0.000,0.000,0.000,0.000,0.000,0.000,0.000,0.293
131735,1002862,50.200,0.000,0.000,33.100,16.700,0.000,0.000,0.000,0.000,0.000,0.000,0.000,0.000,0.000,0.000,0.293
6824,79655,35.000,0.000,27.500,0.000,37.500,0.000,0.000,0.000,0.000,0.000,0.000,0.000,0.000,0.000,0.000,0.293
33180,176036,0.000,97.500,0.000,0.000,0.000,0.000,0.000,0.000,2.500,0.000,0.000,0.000,0.000,0.000,0.000,0.293
49839,28066,0.000,69.200,0.000,0.000,0.000,0.000,0.000,0.000,30.800,0.000,0.000,0.000,0.000,0.000,0.000,0.293
60510,28064,0.000,74.200,0.000,0.000,0.000,0.000,0.000,0.000,25.800,0.000,0.000,0.000,0.000,0.000,0.000,0.293
87367,176037,0.000,96.100,0.000,0.000,0.000,0.000,0.000,0.000,3.900,0.000,0.000,0.000,0.000,0.000,0.000,0.293
107448,135545,0.000,0.000,0.000,0.000,0.000,0.000,25.000,0.000,25.000,0.000,0.000,0.000,0.000,0.000,50.000,0.293
129419,439415,0.000,0.000,0.000,0.000,0.000,0.000,25.000,0.000,25.000,0.000,0.000,0.000,0.000,0.000,50.000,0.293
150985,419244,0.000,69.200,0.000,0.000,0.000,0.000,0.000,0.000,30.800,0.000,0.000,0.000,0.000,0.000,0.000,0.293
166333,404645,35.000,0.000,27.500,0.000,37.500,0.000,0.000,0.000,0.000,0.000,0.000,0.000,0.000,0.000,0.000,0.293
177236,419242,0.000,74.200,0.000,0.000,0.000,0.000,0.000,0.000,25.800,0.000,0.000,0.000,0.000,0.000,0.000,0.293
182951,176038,0.000,91.500,0.000,0.000,0.000,0.000,0.000,0.000,8.500,0.000,0.000,0.000,0.000,0.000,0.000,0.293
183446,470144,0.000,80.200,0.000,0.000,0.000,19.800,0.000,0.000,0.000,0.000,0.000,0.000,0.000,0.000,0.000,0.293
107267,28052,0.000,98.800,0.000,0.000,0.000,0.000,0.000,0.000,1.200,0.000,0.000,0.000,0.000,0.000,0.000,0.293
127811,419230,0.000,98.800,0.000,0.000,0.000,0.000,0.000,0.000,1.200,0.000,0.000,0.000,0.000,0.000,0.000,0.293
162358,863894,0.000,0.000,0.000,0.000,30.600,0.000,0.000,24.900,0.000,0.000,0.000,0.000,0.000,0.000,44.250,0.292929
40423,1002861,50.550,0.000,0.000,24.370,25.080,0.000,0.000,0.000,0.000,0.000,0.000,0.000,0.000,0.000,0.000,0.292
13706,419234,0.000,91.500,0.000,0.000,0.000,0.000,0.000,0.000,8.500,0.000,0.000,0.000,0.000,0.000,0.000,0.292
25179,28054,0.000,96.000,0.000,0.000,0.000,0.000,0.000,0.000,4.000,0.000,0.000,0.000,0.000,0.000,0.000,0.292
29124,474880,5.629,0.000,27.517,8.389,58.464,0.000,0.000,0.000,0.000,0.000,0.000,0.000,0.000,0.000,0.000,0.292
33515,419232,0.000,96.000,0.000,0.000,0.000,0.000,0.000,0.000,4.000,0.000,0.000,0.000,0.000,0.000,0.000,0.292
34384,28051,0.000,62.750,0.000,0.000,0.000,0.000,0.000,37.250,0.000,0.000,0.000,0.000,0.000,0.000,0.000,0.292
53617,419235,0.000,89.000,0.000,0.000,0.000,0.000,0.000,0.000,11.000,0.000,0.000,0.000,0.000,0.000,0.000,0.292
77844,28056,0.000,91.500,0.000,0.000,0.000,0.000,0.000,0.000,8.500,0.000,0.000,0.000,0.000,0.000,0.000,0.292
81531,419231,0.000,97.500,0.000,0.000,0.000,0.000,0.000,0.000,2.500,0.000,0.000,0.000,0.000,0.000,0.000,0.292
90458,176034,0.000,98.900,0.000,0.000,0.000,0.000,0.000,0.000,1.100,0.000,0.000,0.000,0.000,0.000,0.000,0.292
99396,28057,0.000,89.000,0.000,0.000,0.000,0.000,0.000,0.000,11.000,0.000,0.000,0.000,0.000,0.000,0.000,0.292
117004,419211,0.000,62.750,0.000,0.000,0.000,0.000,0.000,37.250,0.000,0.000,0.000,0.000,0.000,0.000,0.000,0.292
117075,470153,0.000,59.900,0.000,0.000,0.000,40.100,0.000,0.000,0.000,0.000,0.000,0.000,0.000,0.000,0.000,0.292
137878,28053,0.000,97.500,0.000,0.000,0.000,0.000,0.000,0.000,2.500,0.000,0.000,0.000,0.000,0.000,0.000,0.292
142355,881222,0.000,70.000,0.000,0.000,0.000,0.000,30.000,0.000,0.000,0.000,0.000,0.000,0.000,0.000,0.000,0.292
174352,498718,0.000,0.000,0.000,0.000,0.000,0.000,0.000,0.000,0.000,0.000,0.000,50.000,0.000,0.000,50.000,0.292
179774,138457,0.000,0.000,0.000,0.000,0.000,0.000,0.000,0.000,0.000,0.000,0.000,50.000,0.000,0.000,50.000,0.292
90915,456014,0.000,86.000,0.000,0.000,0.000,0.000,14.000,0.000,0.000,0.000,0.000,0.000,0.000,0.000,0.000,0.291908
102625,76007,0.000,0.000,34.000,9.000,50.000,7.000,0.000,0.000,0.000,0.000,0.000,0.000,0.000,0.000,0.000,0.2916
54921,305906,39.230,13.020,0.890,4.500,3.230,26.010,0.000,0.000,0.000,0.000,0.000,13.120,0.000,0.000,0.000,0.291
64274,320113,39.230,13.020,0.890,4.500,3.230,26.010,0.000,0.000,0.000,0.000,0.000,13.120,0.000,0.000,0.000,0.291
93142,897596,39.230,13.020,0.890,4.500,3.230,26.010,0.000,0.000,0.000,0.000,0.000,13.120,0.000,0.000,0.000,0.291
50439,404644,44.530,0.000,19.680,0.000,35.790,0.000,0.000,0.000,0.000,0.000,0.000,0.000,0.000,0.000,0.000,0.291
55764,884867,58.910,3.890,15.850,2.520,0.040,0.000,0.000,16.080,0.030,0.000,0.000,0.000,0.000,0.100,2.580,0.291
195854,470140,0.000,90.440,0.000,0.000,0.000,9.560,0.000,0.000,0.000,0.000,0.000,0.000,0.000,0.000,0.000,0.291
143238,455247,0.000,53.355,0.000,0.000,0.000,33.333,0.000,0.000,0.000,0.000,0.000,0.000,0.000,0.000,13.311,0.290909
37473,76005,7.070,0.000,28.280,7.070,57.580,0.000,0.000,0.000,0.000,0.000,0.000,0.000,0.000,0.000,0.000,0.2908
42880,455245,0.000,66.700,0.000,0.000,0.000,33.300,0.000,0.000,0.000,0.000,0.000,0.000,0.000,0.000,0.000,0.290514
191646,835407,0.000,56.000,0.000,0.000,0.000,0.000,44.000,0.000,0.000,0.000,0.000,0.000,0.000,0.000,0.000,0.290323
179326,868181,0.000,75.000,0.000,0.000,10.000,0.000,0.000,15.000,0.000,0.000,0.000,0.000,0.000,0.000,0.000,0.290124
58150,455246,0.000,60.000,0.000,0.000,0.000,33.300,0.000,0.000,0.000,0.000,0.000,0.000,0.000,0.000,6.700,0.290043
88853,143321,0.000,0.000,0.000,0.000,0.000,33.300,0.000,0.000,0.000,0.000,0.000,0.000,0.000,0.000,66.700,0.29
109454,437725,0.000,0.000,0.000,0.000,0.000,35.800,0.000,0.000,0.000,0.000,0.000,0.000,0.000,0.000,64.200,0.29
128007,540717,0.000,76.010,0.000,0.000,0.000,23.990,0.000,0.000,0.000,0.000,0.000,0.000,0.000,0.000,0.000,0.29
193825,143334,0.000,0.000,0.000,0.000,0.000,35.800,0.000,0.000,0.000,0.000,0.000,0.000,0.000,0.000,64.200,0.29
197313,437733,0.000,0.000,0.000,0.000,0.000,33.300,0.000,0.000,0.000,0.000,0.000,0.000,0.000,0.000,66.700,0.29
4133,267333,0.000,99.000,0.000,0.000,0.000,0.000,1.000,0.000,0.000,0.000,0.000,0.000,0.000,0.000,0.000,0.29
8508,143328,0.000,0.000,0.000,0.000,0.000,45.700,0.000,0.000,0.000,0.000,0.000,0.000,0.000,0.000,54.300,0.29
9043,437726,0.000,0.000,0.000,0.000,0.000,38.400,0.000,0.000,0.000,0.000,0.000,0.000,0.000,0.000,61.600,0.29
9321,701046,6.800,0.000,27.100,6.900,59.200,0.000,0.000,0.000,0.000,0.000,0.000,0.000,0.000,0.000,0.000,0.29
10610,437724,0.000,0.000,0.000,0.000,0.000,34.700,0.000,0.000,0.000,0.000,0.000,0.000,0.000,0.000,65.300,0.29
16103,91260,68.800,0.000,0.000,0.000,0.000,0.000,0.000,0.000,31.200,0.000,0.000,0.000,0.000,0.000,0.000,0.29
16781,480166,55.560,0.000,0.000,0.000,0.000,33.330,0.000,11.110,0.000,0.000,0.000,0.000,0.000,0.000,0.000,0.29
26520,860990,0.000,0.000,0.000,0.000,0.000,0.000,0.000,19.332,0.000,0.000,47.335,0.000,0.000,0.000,33.333,0.29
28488,143324,0.000,0.000,0.000,0.000,0.000,39.900,0.000,0.000,0.000,0.000,0.000,0.000,0.000,0.000,60.100,0.29
30855,707579,20.000,0.000,32.000,0.000,48.000,0.000,0.000,0.000,0.000,0.000,0.000,0.000,0.000,0.000,0.000,0.29
32181,536002,0.000,41.536,21.918,36.546,0.000,0.000,0.000,0.000,0.000,0.000,0.000,0.000,0.000,0.000,0.000,0.29
40698,138646,0.000,0.000,0.000,0.000,0.000,0.000,0.000,0.000,0.000,0.000,0.000,0.000,0.000,0.000,100.000,0.29
44965,849940,0.000,0.000,38.000,0.000,62.000,0.000,0.000,0.000,0.000,0.000,0.000,0.000,0.000,0.000,0.000,0.29
46161,536000,0.000,38.254,23.492,38.254,0.000,0.000,0.000,0.000,0.000,0.000,0.000,0.000,0.000,0.000,0.000,0.29
46894,100013,0.000,76.020,0.000,0.000,0.000,23.980,0.000,0.000,0.000,0.000,0.000,0.000,0.000,0.000,0.000,0.29
48031,860265,0.000,0.000,0.000,0.000,0.000,20.000,0.000,30.000,0.000,0.000,0.000,0.000,0.000,0.000,50.000,0.29
49999,138196,0.000,0.000,0.000,0.000,0.000,0.000,0.000,0.000,0.000,0.000,0.000,0.000,0.000,0.000,100.000,0.29
55317,536003,0.000,34.003,24.992,41.004,0.000,0.000,0.000,0.000,0.000,0.000,0.000,0.000,0.000,0.000,0.000,0.29
57383,10148,0.000,65.000,0.000,0.000,0.000,0.000,0.000,35.000,0.000,0.000,0.000,0.000,0.000,0.000,0.000,0.29
65974,437740,0.000,0.000,0.000,0.000,0.000,45.700,0.000,0.000,0.000,0.000,0.000,0.000,0.000,0.000,54.300,0.29
67050,164815,55.560,0.000,0.000,0.000,0.000,0.000,0.000,11.110,0.000,0.000,33.330,0.000,0.000,0.000,0.000,0.29
69209,474389,0.000,0.000,0.000,0.000,0.000,0.000,0.000,0.000,0.000,0.000,0.000,0.000,0.000,0.000,100.000,0.29
79852,306827,0.000,0.000,0.000,0.000,0.000,0.000,0.000,19.332,0.000,0.000,47.335,0.000,0.000,0.000,33.333,0.29
80434,790463,0.000,0.000,0.000,0.000,0.000,0.000,0.000,0.000,0.000,0.000,0.000,0.000,0.000,0.000,100.000,0.29
81094,143329,0.000,0.000,0.000,0.000,0.000,48.400,0.000,0.000,0.000,0.000,0.000,0.000,0.000,0.000,51.600,0.29
82488,60085,0.000,100.000,0.000,0.000,0.000,0.000,0.000,0.000,0.000,0.000,0.000,0.000,0.000,0.000,0.000,0.29
86436,536021,0.000,40.990,18.000,41.010,0.000,0.000,0.000,0.000,0.000,0.000,0.000,0.000,0.000,0.000,0.000,0.29
89825,821408,0.000,0.000,0.000,0.000,0.000,0.000,0.000,0.000,0.000,0.000,50.000,0.000,0.000,0.000,50.000,0.29
89928,849942,0.000,0.000,38.000,0.000,52.000,10.000,0.000,0.000,0.000,0.000,0.000,0.000,0.000,0.000,0.000,0.29
91035,498738,0.000,0.000,0.000,0.000,0.000,0.000,0.000,0.000,0.000,0.000,0.000,0.000,0.000,0.000,100.000,0.29
91895,143327,0.000,0.000,0.000,0.000,0.000,44.000,0.000,0.000,0.000,0.000,0.000,0.000,0.000,0.000,56.000,0.29
103300,437736,0.000,0.000,0.000,0.000,0.000,39.900,0.000,0.000,0.000,0.000,0.000,0.000,0.000,0.000,60.100,0.29
106026,219899,6.800,0.000,27.100,6.900,59.200,0.000,0.000,0.000,0.000,0.000,0.000,0.000,0.000,0.000,0.000,0.29
107463,138288,0.000,0.000,0.000,0.000,0.000,0.000,0.000,0.000,0.000,0.000,0.000,0.000,0.000,0.000,100.000,0.29
109876,787740,0.000,100.000,0.000,0.000,0.000,0.000,0.000,0.000,0.000,0.000,0.000,0.000,0.000,0.000,0.000,0.29
110518,138238,0.000,0.000,0.000,0.000,0.000,0.000,50.000,0.000,0.000,0.000,0.000,0.000,0.000,0.000,50.000,0.29
115538,437739,0.000,0.000,0.000,0.000,0.000,44.000,0.000,0.000,0.000,0.000,0.000,0.000,0.000,0.000,56.000,0.29
115926,781946,0.000,99.000,0.000,0.000,0.000,0.000,1.000,0.000,0.000,0.000,0.000,0.000,0.000,0.000,0.000,0.29
118033,143323,0.000,0.000,0.000,0.000,0.000,37.600,0.000,0.000,0.000,0.000,0.000,0.000,0.000,0.000,62.400,0.29
123182,437735,0.000,0.000,0.000,0.000,0.000,37.600,0.000,0.000,0.000,0.000,0.000,0.000,0.000,0.000,62.400,0.29
124827,474157,0.000,0.000,0.000,0.000,0.000,0.000,0.000,0.000,0.000,0.000,0.000,0.000,0.000,0.000,100.000,0.29
128557,883165,0.000,66.000,5.000,0.000,0.000,0.000,0.000,29.000,0.000,0.000,0.000,0.000,0.000,0.000,0.000,0.29
135063,138197,0.000,0.000,0.000,0.000,0.000,0.000,0.000,0.000,0.000,0.000,0.000,0.000,0.000,0.000,100.000,0.29
135855,707577,15.000,0.000,34.000,0.000,51.000,0.000,0.000,0.000,0.000,0.000,0.000,0.000,0.000,0.000,0.000,0.29
140519,783153,0.000,0.000,0.000,0.000,0.000,0.000,55.000,0.000,0.000,0.000,0.000,0.000,0.000,0.000,45.000,0.29
140735,888194,0.000,100.000,0.000,0.000,0.000,0.000,0.000,0.000,0.000,0.000,0.000,0.000,0.000,0.000,0.000,0.29
142448,1005681,0.000,0.000,0.000,0.000,0.000,0.000,0.000,50.000,0.000,0.000,0.000,0.000,0.000,0.000,50.000,0.29
146498,474522,0.000,0.000,0.000,0.000,0.000,0.000,50.000,0.000,0.000,0.000,0.000,0.000,0.000,0.000,50.000,0.29
148889,79033,68.800,0.000,0.000,0.000,0.000,0.000,0.000,0.000,31.200,0.000,0.000,0.000,0.000,0.000,0.000,0.29
149719,536004,0.000,36.574,26.843,36.584,0.000,0.000,0.000,0.000,0.000,0.000,0.000,0.000,0.000,0.000,0.000,0.29
151026,437741,0.000,0.000,0.000,0.000,0.000,48.400,0.000,0.000,0.000,0.000,0.000,0.000,0.000,0.000,51.600,0.29
